{
 "cells": [
  {
   "cell_type": "markdown",
   "metadata": {
    "collapsed": true
   },
   "source": [
    "# A Comparison of the Runtimes between The Strassen, the IKJ Matrix Algorithm\n"
   ]
  },
  {
   "cell_type": "code",
   "execution_count": 1,
   "metadata": {
    "collapsed": false
   },
   "outputs": [],
   "source": [
    "%matplotlib inline \n",
    "\n",
    "import numpy as np\n",
    "from math import ceil, log\n",
    "import time\n",
    "import matplotlib.pyplot as plt"
   ]
  },
  {
   "cell_type": "code",
   "execution_count": 2,
   "metadata": {
    "collapsed": false
   },
   "outputs": [],
   "source": [
    "plt.rcdefaults() ## for nice big graphs"
   ]
  },
  {
   "cell_type": "markdown",
   "metadata": {},
   "source": [
    "The code implementation below was got from [MartinThoma](https://github.com/MartinThoma/matrix-multiplication/blob/master/Python/strassen-algorithm.py)s' GitHub page including the IKJ code. With minor modifications to code to use numpy and remove certain aspects of the initial authors implementation."
   ]
  },
  {
   "cell_type": "code",
   "execution_count": 3,
   "metadata": {
    "collapsed": false
   },
   "outputs": [],
   "source": [
    "LEAF_SIZE=8\n",
    "def printMatrix(matrix):\n",
    "    for line in matrix:\n",
    "        print (\"\\t\".join(map(str,line)))\n",
    "\n",
    "def ikjMatrixProduct(A, B):\n",
    "    n = len(A)\n",
    "    C = np.zeros((n,n))\n",
    "    for i in range(n):\n",
    "        for k in range(n):\n",
    "            for j in range(n):\n",
    "                C[i][j] += A[i][k] * B[k][j]\n",
    "    return C\n",
    "\n",
    "def add(A, B):\n",
    "    n = len(A)\n",
    "    C = np.zeros((n,n))\n",
    "    for i in range(0, n):\n",
    "        for j in range(0, n):\n",
    "            C[i][j] = A[i][j] + B[i][j]\n",
    "    return C\n",
    "\n",
    "def subtract(A, B):\n",
    "    n = len(A)\n",
    "    C = np.zeros((n,n))\n",
    "    for i in range(0, n):\n",
    "        for j in range(0, n):\n",
    "            C[i][j] = A[i][j] - B[i][j]\n",
    "    return C\n",
    "\n",
    "def strassenR(A, B):\n",
    "    \"\"\" \n",
    "        Implementation of the strassen algorithm.\n",
    "    \"\"\"\n",
    "    n = len(A)\n",
    "\n",
    "    if n <= LEAF_SIZE:\n",
    "        return ikjMatrixProduct(A, B)\n",
    "    else:\n",
    "        # initializing the new sub-matrices\n",
    "        newSize = n//2\n",
    "        a11 = np.zeros((newSize,newSize))\n",
    "        a12 = np.zeros((newSize,newSize))\n",
    "        a21 = np.zeros((newSize,newSize))\n",
    "        a22 = np.zeros((newSize,newSize))\n",
    "\n",
    "        b11 = np.zeros((newSize,newSize))\n",
    "        b12 = np.zeros((newSize,newSize))\n",
    "        b21 = np.zeros((newSize,newSize))\n",
    "        b22 = np.zeros((newSize,newSize))\n",
    "\n",
    "        aResult = np.zeros((newSize,newSize))\n",
    "        bResult = np.zeros((newSize,newSize))\n",
    "\n",
    "        # dividing the matrices in 4 sub-matrices:\n",
    "        for i in range(0, newSize):\n",
    "            for j in range(0, newSize):\n",
    "                a11[i][j] = A[i][j]            # top left\n",
    "                a12[i][j] = A[i][j + newSize]    # top right\n",
    "                a21[i][j] = A[i + newSize][j]    # bottom left\n",
    "                a22[i][j] = A[i + newSize][j + newSize] # bottom right\n",
    "\n",
    "                b11[i][j] = B[i][j]            # top left\n",
    "                b12[i][j] = B[i][j + newSize]    # top right\n",
    "                b21[i][j] = B[i + newSize][j]    # bottom left\n",
    "                b22[i][j] = B[i + newSize][j + newSize] # bottom right\n",
    "\n",
    "        # Calculating p1 to p7:\n",
    "        aResult = add(a11, a22)\n",
    "        bResult = add(b11, b22)\n",
    "        p1 = strassenR(aResult, bResult) # p1 = (a11+a22) * (b11+b22)\n",
    "\n",
    "        aResult = add(a21, a22)      # a21 + a22\n",
    "        p2 = strassenR(aResult, b11)  # p2 = (a21+a22) * (b11)\n",
    "\n",
    "        bResult = subtract(b12, b22) # b12 - b22\n",
    "        p3 = strassenR(a11, bResult)  # p3 = (a11) * (b12 - b22)\n",
    "\n",
    "        bResult = subtract(b21, b11) # b21 - b11\n",
    "        p4 =strassenR(a22, bResult)   # p4 = (a22) * (b21 - b11)\n",
    "\n",
    "        aResult = add(a11, a12)      # a11 + a12\n",
    "        p5 = strassenR(aResult, b22)  # p5 = (a11+a12) * (b22)   \n",
    "\n",
    "        aResult = subtract(a21, a11) # a21 - a11\n",
    "        bResult = add(b11, b12)      # b11 + b12\n",
    "        p6 = strassenR(aResult, bResult) # p6 = (a21-a11) * (b11+b12)\n",
    "\n",
    "        aResult = subtract(a12, a22) # a12 - a22\n",
    "        bResult = add(b21, b22)      # b21 + b22\n",
    "        p7 = strassenR(aResult, bResult) # p7 = (a12-a22) * (b21+b22)\n",
    "\n",
    "        # calculating c21, c21, c11 e c22:\n",
    "        c12 = add(p3, p5) # c12 = p3 + p5\n",
    "        c21 = add(p2, p4)  # c21 = p2 + p4\n",
    "\n",
    "        aResult = add(p1, p4) # p1 + p4\n",
    "        bResult = add(aResult, p7) # p1 + p4 + p7\n",
    "        c11 = subtract(bResult, p5) # c11 = p1 + p4 - p5 + p7\n",
    "\n",
    "        aResult = add(p1, p3) # p1 + p3\n",
    "        bResult = add(aResult, p6) # p1 + p3 + p6\n",
    "        c22 = subtract(bResult, p2) # c22 = p1 + p3 - p2 + p6\n",
    "\n",
    "        # Grouping the results obtained in a single matrix:\n",
    "        C = np.zeros((n,n))\n",
    "        for i in range(0, newSize):\n",
    "            for j in range(0, newSize):\n",
    "                C[i][j] = c11[i][j]\n",
    "                C[i][j + newSize] = c12[i][j]\n",
    "                C[i + newSize][j] = c21[i][j]\n",
    "                C[i + newSize][j + newSize] = c22[i][j]\n",
    "        return C\n",
    "\n",
    "def strassen(A, B):\n",
    "#     assert type(A) == list and type(B) == list\n",
    "#     assert len(A) == len(A[0]) == len(B) == len(B[0])\n",
    "\n",
    "    # Make the matrices bigger so that you can apply the strassen\n",
    "    # algorithm recursively without having to deal with odd\n",
    "    # matrix sizes\n",
    "    nextPowerOfTwo = lambda n: 2**int(ceil(log(n,2)))\n",
    "    n = len(A)\n",
    "    m = nextPowerOfTwo(n)\n",
    "    APrep = np.zeros((m,m))\n",
    "    BPrep = np.zeros((m,m))\n",
    "    for i in range(n):\n",
    "        for j in range(n):\n",
    "            APrep[i][j] = A[i][j]\n",
    "            BPrep[i][j] = B[i][j]\n",
    "    CPrep = strassenR(APrep, BPrep)\n",
    "    C = np.zeros((n,n))\n",
    "    for i in range(n):\n",
    "        for j in range(n):\n",
    "            C[i][j] = CPrep[i][j]\n",
    "    return C"
   ]
  },
  {
   "cell_type": "markdown",
   "metadata": {},
   "source": [
    "###### Making a Test array to make sure everything is working fine.\n",
    "\n",
    "The function \"np.random.random_integers\" makes a random array of a specified size with random integers with a specified upper and lower limits. "
   ]
  },
  {
   "cell_type": "code",
   "execution_count": 4,
   "metadata": {
    "collapsed": false
   },
   "outputs": [],
   "source": [
    "size=10\n",
    "A=np.random.random_integers(0,100,(size,size))\n",
    "B=np.random.random_integers(0,100,(size,size))"
   ]
  },
  {
   "cell_type": "code",
   "execution_count": 5,
   "metadata": {
    "collapsed": false
   },
   "outputs": [
    {
     "name": "stdout",
     "output_type": "stream",
     "text": [
      "[[ 13  47  84  15  32  25  97  38  52  71]\n",
      " [  9  94  23  86  16   0   5  72  91  36]\n",
      " [ 32  32  81  48  88  22  56  83  24  91]\n",
      " [ 23   5  35  61  62  64   7  32  12  17]\n",
      " [ 38  75  11   8  13  89  32  37  62  50]\n",
      " [ 32  98  86  44  88  76  26  54  61  14]\n",
      " [ 64  38  15  44  43  95  61  56   0  13]\n",
      " [ 37  40  96  84  18  44 100  70  12  86]\n",
      " [ 87  91  29  26  69  98  21  81  69  50]\n",
      " [ 39  54  84  96  23  58  85  28  28  18]]\n"
     ]
    }
   ],
   "source": [
    "print A"
   ]
  },
  {
   "cell_type": "code",
   "execution_count": 6,
   "metadata": {
    "collapsed": false
   },
   "outputs": [
    {
     "name": "stdout",
     "output_type": "stream",
     "text": [
      "[[ 48  11  17  88  69  91  83  82  98  30]\n",
      " [ 68   1  37  36  95  14   9  53  40  23]\n",
      " [  5  33  76  35  44  92  42  60  48  99]\n",
      " [  4   5   5  51  45  18  74  71  99  50]\n",
      " [ 87  26  12  71  29  80  92  22   1  38]\n",
      " [ 13  56  81  54  57  83  21  15 100  90]\n",
      " [ 10  33  92  78   1  36  90   6  10  48]\n",
      " [ 74  18   3  16   6   2  26  20  54  75]\n",
      " [ 87  72  55  41   5  95  68   0  88  69]\n",
      " [ 54  65  21  15  24  20  40  58  41  42]]\n"
     ]
    }
   ],
   "source": [
    "print B"
   ]
  },
  {
   "cell_type": "markdown",
   "metadata": {
    "collapsed": false
   },
   "source": [
    "###### Testing with the numpy built-in function, followed by the Strassen and the IKJ code"
   ]
  },
  {
   "cell_type": "code",
   "execution_count": 7,
   "metadata": {
    "collapsed": false
   },
   "outputs": [
    {
     "name": "stdout",
     "output_type": "stream",
     "text": [
      "[[19549 17513 24217 21534 14375 24402 25703 16201 21712 28079]\n",
      " [23914 12151 12438 16316 16653 16768 20345 17116 27698 23048]\n",
      " [25955 17802 19594 24732 17636 26824 30926 22128 26229 31830]\n",
      " [12489  9690 11226 16203 12460 18549 17944 12574 20186 19714]\n",
      " [20451 15654 19177 18946 17805 22207 18006 13772 26781 23547]\n",
      " [27769 17184 24341 27553 25157 33455 28550 21226 32346 34207]\n",
      " [16339 11761 18118 23801 18037 22421 22957 15897 26578 24337]\n",
      " [19318 17981 25481 26696 20031 25963 31335 24922 31930 34868]\n",
      " [32797 19786 22966 29977 26733 34454 30276 23177 38707 34260]\n",
      " [15433 14076 24321 26473 20635 26551 28691 21406 30905 30490]]\n"
     ]
    }
   ],
   "source": [
    "print np.dot(A,B)"
   ]
  },
  {
   "cell_type": "code",
   "execution_count": 8,
   "metadata": {
    "collapsed": false
   },
   "outputs": [
    {
     "name": "stdout",
     "output_type": "stream",
     "text": [
      "[[ 19549.  17513.  24217.  21534.  14375.  24402.  25703.  16201.  21712.\n",
      "   28079.]\n",
      " [ 23914.  12151.  12438.  16316.  16653.  16768.  20345.  17116.  27698.\n",
      "   23048.]\n",
      " [ 25955.  17802.  19594.  24732.  17636.  26824.  30926.  22128.  26229.\n",
      "   31830.]\n",
      " [ 12489.   9690.  11226.  16203.  12460.  18549.  17944.  12574.  20186.\n",
      "   19714.]\n",
      " [ 20451.  15654.  19177.  18946.  17805.  22207.  18006.  13772.  26781.\n",
      "   23547.]\n",
      " [ 27769.  17184.  24341.  27553.  25157.  33455.  28550.  21226.  32346.\n",
      "   34207.]\n",
      " [ 16339.  11761.  18118.  23801.  18037.  22421.  22957.  15897.  26578.\n",
      "   24337.]\n",
      " [ 19318.  17981.  25481.  26696.  20031.  25963.  31335.  24922.  31930.\n",
      "   34868.]\n",
      " [ 32797.  19786.  22966.  29977.  26733.  34454.  30276.  23177.  38707.\n",
      "   34260.]\n",
      " [ 15433.  14076.  24321.  26473.  20635.  26551.  28691.  21406.  30905.\n",
      "   30490.]]\n"
     ]
    }
   ],
   "source": [
    "print strassen(A,B)"
   ]
  },
  {
   "cell_type": "code",
   "execution_count": 9,
   "metadata": {
    "collapsed": false
   },
   "outputs": [
    {
     "name": "stdout",
     "output_type": "stream",
     "text": [
      "[[ 19549.  17513.  24217.  21534.  14375.  24402.  25703.  16201.  21712.\n",
      "   28079.]\n",
      " [ 23914.  12151.  12438.  16316.  16653.  16768.  20345.  17116.  27698.\n",
      "   23048.]\n",
      " [ 25955.  17802.  19594.  24732.  17636.  26824.  30926.  22128.  26229.\n",
      "   31830.]\n",
      " [ 12489.   9690.  11226.  16203.  12460.  18549.  17944.  12574.  20186.\n",
      "   19714.]\n",
      " [ 20451.  15654.  19177.  18946.  17805.  22207.  18006.  13772.  26781.\n",
      "   23547.]\n",
      " [ 27769.  17184.  24341.  27553.  25157.  33455.  28550.  21226.  32346.\n",
      "   34207.]\n",
      " [ 16339.  11761.  18118.  23801.  18037.  22421.  22957.  15897.  26578.\n",
      "   24337.]\n",
      " [ 19318.  17981.  25481.  26696.  20031.  25963.  31335.  24922.  31930.\n",
      "   34868.]\n",
      " [ 32797.  19786.  22966.  29977.  26733.  34454.  30276.  23177.  38707.\n",
      "   34260.]\n",
      " [ 15433.  14076.  24321.  26473.  20635.  26551.  28691.  21406.  30905.\n",
      "   30490.]]\n"
     ]
    }
   ],
   "source": [
    "print ikjMatrixProduct(A,B)\n"
   ]
  },
  {
   "cell_type": "markdown",
   "metadata": {},
   "source": [
    "Running the implementation for each of the different Matrix multiplication implementations.\n",
    "The numpy function is being included just for comparison. The size starts from 2 and goes on with its different powers. From past experience I noted that by the time I tested it with a thousand nodes it went way beyond the one minute time limit that was set."
   ]
  },
  {
   "cell_type": "code",
   "execution_count": 10,
   "metadata": {
    "collapsed": false
   },
   "outputs": [],
   "source": [
    "numpyTime=[]\n",
    "ikjTime=[]\n",
    "strassenTime=[]\n",
    "sizeL=[]\n",
    "sizeLApp=sizeL.append\n",
    "numpyTimeAPP=numpyTime.append\n",
    "strassenTimeAPP=strassenTime.append\n",
    "ikjTimeAPP=ikjTime.append\n",
    "for i in range(0,11):\n",
    "    size=2**i\n",
    "    sizeLApp(size)\n",
    "#     print(size)\n",
    "    A=np.random.random_integers(0,100,(size,size))\n",
    "    B=np.random.random_integers(0,100,(size,size))\n",
    "    startN = time.time()\n",
    "    np.dot(A,B)\n",
    "    endN = time.time()\n",
    "    numpyTimeAPP(endN-startN)\n",
    "    startI = time.time()\n",
    "    ikjMatrixProduct(A,B)\n",
    "    endI = time.time()\n",
    "    ikjTimeAPP(endI-startI)\n",
    "    startS = time.time()\n",
    "    strassen(A,B)\n",
    "    endS = time.time()\n",
    "    strassenTime.append(endS-startS)\n",
    "    "
   ]
  },
  {
   "cell_type": "markdown",
   "metadata": {},
   "source": [
    "Just a quick look at the time intervals for each of the implimentations"
   ]
  },
  {
   "cell_type": "code",
   "execution_count": 11,
   "metadata": {
    "collapsed": false
   },
   "outputs": [
    {
     "name": "stdout",
     "output_type": "stream",
     "text": [
      "[6.9141387939453125e-06, 2.86102294921875e-06, 1.4066696166992188e-05, 4.0531158447265625e-06, 8.106231689453125e-06, 3.504753112792969e-05, 0.00022292137145996094, 0.0017049312591552734, 0.026467084884643555, 0.21595191955566406, 10.034120082855225]\n"
     ]
    }
   ],
   "source": [
    "print numpyTime"
   ]
  },
  {
   "cell_type": "code",
   "execution_count": 12,
   "metadata": {
    "collapsed": false
   },
   "outputs": [
    {
     "name": "stdout",
     "output_type": "stream",
     "text": [
      "[1.5974044799804688e-05, 2.002716064453125e-05, 8.20159912109375e-05, 0.0004930496215820312, 0.004743099212646484, 0.031175851821899414, 0.22461795806884766, 1.6615498065948486, 11.520087003707886, 81.16632080078125, 578.2443790435791]\n"
     ]
    }
   ],
   "source": [
    "print strassenTime"
   ]
  },
  {
   "cell_type": "code",
   "execution_count": 13,
   "metadata": {
    "collapsed": false
   },
   "outputs": [
    {
     "name": "stdout",
     "output_type": "stream",
     "text": [
      "[1.7881393432617188e-05, 1.0967254638671875e-05, 6.508827209472656e-05, 0.00045013427734375, 0.004406929016113281, 0.029452085494995117, 0.20326018333435059, 1.5521938800811768, 12.588764190673828, 101.55870509147644, 820.1893689632416]\n"
     ]
    }
   ],
   "source": [
    "print ikjTime"
   ]
  },
  {
   "cell_type": "code",
   "execution_count": 14,
   "metadata": {
    "collapsed": false
   },
   "outputs": [
    {
     "data": {
      "image/png": "iVBORw0KGgoAAAANSUhEUgAABB4AAAItCAYAAACemLkKAAAABHNCSVQICAgIfAhkiAAAAAlwSFlz\nAAAPYQAAD2EBqD+naQAAIABJREFUeJzs3Xtcj/f/x/FHH0mSkhxzWCZMX8aWDJtvEWM5thmaIeQw\nc5x9N7afqc1pTjswfmEozIYxciincsw2Z5ZTW4Z9GSoxp1L9/ujXZz77hKL6hOf9duu29b7e1/V+\nva/r+rh1vT7v9/uyioqKykBEREREREREJB8YLB2AiIiIiIiIiDy+lHgQERERERERkXyjxIOIiIiI\niIiI5BslHkREREREREQk3yjxICIiIiIiIiL5RokHEREREREREck3SjyIiIiIiIiISL5R4kFERERE\nRERE8o0SDyIiIiIiIiKSb5R4EBEREREREZF8Y23pAP7p+PHjfP3118TGxpKRkYG7uzv9+/fHzc3N\nrO6RI0cICQkhLi4OOzs7vL29CQwMpHjx4ib1UlJSmD9/Pps2beLq1as8/fTT9OnTBw8Pj4LqloiI\niIiIiMgTqVCNeDhx4gRDhgzh/Pnz9OzZkx49evDHH38wbNgwzpw5Y1I3Li6OESNGkJKSwsCBA2nT\npg1r1qwhODjY7LgTJ05k+fLltGjRgsGDB2MwGBg5ciSHDx8uqK6JiIiIiIiIPJEK1YiHefPmYWtr\ny1dffUXJkiUBaNmyJd27d2fu3LkmSYW5c+fi4ODA559/bhzhUL58eaZOncqePXto0KABAEePHiU6\nOpoBAwbQuXNn4zF79+5NSEgIM2bMKOBeioiIiIiIiDw5CtWIh8OHD+Ph4WFMOgCULl2aZ599lpiY\nGG7cuAHAtWvX2Lt3Ly1btjSZVtGqVSuKFy9OdHS0sWzr1q0UKVKEdu3aGctsbGzw9fUlNjaWixcv\n5n/HRERERERERJ5QhSrxkJqaSrFixczKixUrxu3btzl16hQAv/32G2lpadSqVcuknrW1NW5ubpw8\nedJYFhcXR+XKlc3WfcjaNy4uLo97ISIiIiIiIiJZClXioUqVKvzyyy+kp6cby1JTUzl27BgAly5d\nAiAxMRHIHA3xT05OTiQkJBh/T0hIwNnZ2axeVtmddUVEREREREQkbxWqxEOHDh04e/YskydP5vff\nfyc+Pp4JEyYYEw23bt0y+a+NjY3ZMWxsbIzbIfONFkWLFs223p3HEhEREREREZG8V6gWl2zfvj0X\nL17ku+++IzIyEsicEtG1a1cWLVpknC6RNR0jJSXF7BgpKSnY2toaf7exsSE1NTXbence606XL19m\nz549VKhQIdvkhoiIiIhYVkpKCufPn6dBgwaUKlWqQNu+efMmp0+fLtA2RUQKs6pVq5o8h/9ToUo8\nAPTp04cuXbpw6tQpSpQoQbVq1ZgzZw6QORUD/p5ikTUS4k6JiYkmUyucnZ2NUzTulDXFIrtpGHv2\n7GHcuHEP3xkRERERyVcffvghLVq0KNA2T58+Tf/+/Qu0TRGRwiwkJISaNWvedXuhSzwA2NvbU6dO\nHePv+/bto1y5clStWhWAatWqUaRIEY4dO4aXl5exXmpqKnFxcTRv3txY5ubmxoEDB7h+/Tp2dnbG\n8qNHjxq3/1OFChUAWLRoEbVr187bzkmeGD58OJ999pmlw5Bs6NoUXro2hZuuT+Gla1M4HT16lDff\nfNP4d5sl6G9FEXnSZf1bfD+FMvFwpy1btnD8+HHeeustY5m9vT0eHh5s2rSJHj16GKdgbNiwgZs3\nb5okI7y8vFi6dClr1qyhc+fOQObQvIiICNzd3SlbtqxZm1nTK2rXrs3zzz+fn92TB+To6KhrU0jp\n2hReujaFm65P4aVrU7hZclqs/lYUEcmZQpV4OHjwIGFhYXh6elKyZEmOHj1KREQEDRs25LXXXjOp\n26dPHwYNGsTQoUNp27Ytly5dYunSpXh6euLp6WmsV7t2bby8vJgzZw5JSUm4uLgQGRnJhQsXeP/9\n9wu6iyIiIiIiIiJPlEKVeChbtixFihThu+++4/r161SsWJE+ffrQuXNnDAbTF3DUqFGDKVOmMHv2\nbGbOnImdnR2+vr707dvX7LijRo1i3rx5bNy4katXr1K9enXGjx9P3bp1C6prIiIiIiIiIk+kQpV4\ncHFxYdKkSTmuX7duXaZPn37fejY2NgwYMIABAwY8THgiIiIiIiIikkuG+1cRKXz8/f0tHYLcha5N\n4aVrU7jp+hReujYiIiIPR4kHeSTpj8DCS9em8NK1Kdx0fQovXRsREZGHo8SDiIiIiIgUCG9vb7O1\n2+TxcurUKQwGA7169bJ0KFKI6FMvIiIiIiK5YjAYcvUTFhZm3NfKysoiMWc9EBsMBho1anTXegaD\ngSpVqhRgZIVXVqIopz+9evUyXl9LXeeH8dNPP9GnTx9q1aqFg4MDtra2uLq68vrrr7Ns2TLS09Mt\nHeIjq1AtLikiIiIiIoXfmDFjTB4sMzIy+Pzzz0lOTmbYsGGUKlXKpH79+vULOsR7+umnn/juu+/o\n0qVLttsfxYfm/NCrVy+aN29uUrZy5UoOHjxIx44dza5r/fr1qVSpEseOHcPR0bEgQ30oqampDBky\nhJCQEKytrfHy8qJdu3YUK1aMM2fOsGXLFr7//ntee+01li1bZulwH0lKPIiIiIiISK6MGTPGrGz+\n/PlcuXKFYcOGUbVqVQtElTNVq1bl/PnzfPDBB7z66qsULVrU0iEVWj179jQr++2334yJhx49emS7\nX82aNfM7tDz19ttvM3fuXJ599lmWLVtGjRo1TLanp6ezZMkSVq9ebaEIH32aaiEiIiIiUgASEhJI\nSEh4bNvLjbS0NMaPH0+NGjWwtbWlatWqjBw5ktTU1GzrHzt2jICAAKpUqYKtrS0VKlSgW7dunDhx\nItdtV61albfeeov4+HimT5+eo30WLFiAwWAgNDQ02+0Gg4FmzZqZlAUFBWEwGNi6dStLlizBw8OD\nEiVKUKlSJUaMGEFKSgoAW7ZswdvbG0dHR0qXLk2PHj1ITEw0a8PV1ZVq1apx5coVBg0aRKVKlShe\nvDj/+te/zPpx7NgxDAYDPj4+d+1T3bp1sbGx4cKFCzk6Bzl1tzUeAgICMBgMnDp1ihkzZuDu7k7x\n4sWpVq0aEyZMMNZbtmwZDRs2xN7envLlyzN48GBu3bqVbVt5cV/s2rWLuXPn4uzsTGRkpFnSATKv\nb7du3Vi4cKGx7GHviW+++YYXXngBe3t7qlWrxu7duzEYDLz22mt3jbV27drY2tpy+fJlk/LIyEh8\nfX0pU6YMtra2uLm58d5775GcnJzj85DfNOJBRERERCQfXbhwgY4dB3LqlA0Arq4p/PDDTMqVK/dY\ntJdbGRkZ+Pv7s2PHDnx9fXFwcGDt2rVMmjSJCxcuMG/ePJP6ERERvPrqq6SlpdGuXTvc3Nw4c+YM\nK1asYO3atURFRfHcc8/lKoaPPvqI0NBQxo0bR69evXBycsrRfveagnG3bdOnT2f9+vX4+fnRvHlz\nIiMj+eyzz0hMTKR9+/b4+/vTtm1b+vfvz86dO1m0aBGXLl1i3bp1ZsdPSUnBx8eHK1eu8MYbb3Dr\n1i2+//57hg4dyvHjx5kxYwYAzzzzDM2aNSMqKoqTJ0+aPUzv2rWLX375hU6dOuXbfXG38/Huu+8S\nHR1N+/btad26NatWreLDDz8kJSUFJycnRo0ahZ+fH15eXmzYsIGvvvqKtLQ0Zs6caXKcvLovQkJC\nAOjXrx/ly5e/Z10bG5sc9/Ne26ZOncrGjRtp3749Pj4+JCcn06hRI2rVqsWaNWtITEykdOnSJvv8\n9NNPHD9+nE6dOplMZfr4448JCgrC2dmZdu3aUa5cOQ4ePMiUKVNYt24dMTExlCxZ8p79KghKPIiI\niIiI5KOOHQcSExME1AHg3Lkj+PkNZOfO5Y9Few8iPj6e2NhY4wPU2LFjqVevHmFhYUyYMMH4AJiU\nlIS/vz/29vZs27aNZ555xniM2NhYXnjhBQIDA9m7d2+u2ndycuLDDz/kP//5D2PHjmXq1Kl517l/\n2Lx5M/v27aNWrVoAjBs3jueff56FCxcSHh7Oxo0badq0KZCZlGnVqhUREREcPHiQevXqGY+TkZHB\nuXPnqF69Ort27TJOEQkODsbT05OZM2fSpUsX47EGDhxIVFQUs2fPZvLkySYxzZ49G4D+/fvnW7/v\nZt++fRw+fJiKFSsCmdN23NzcmDx5MnZ2dmbn6rnnnmPevHkEBwdTtmxZIG/vix07dgDcc3RIXouK\nimL37t0m1xcyp7Z88MEHLFmyhLfffttkW9bIijunv0RFRREUFESTJk1Yt24dDg4OJvV79erFmDFj\nmDZtWj72Jmc01UJEREREJJ8kJCT8/8iDOneU1uHEr1Zs+WUL+87ty9OfLb9s4eRvVmbtxcfbFKpp\nF59++qnJt7Z2dnZ069aN9PR0k4fFsLAwkpOTCQ4ONnm4BHB3dycwMJD9+/dz9OjRXMcwePBgXF1d\n+eqrr4iPj3/wztzHkCFDjA/SkPmteZcuXUhPT6dt27bGRAFkfkP+5ptvAnDo0KFsjzdhwgSTdSmc\nnJwYPXo0kLnORpaOHTvi4uLCggULjNM6AC5fvszSpUtxc3Mr0IftLKNHjzYmHQAcHR1p3749169f\nZ+DAgdmeq5SUFI4dO2Ysz8v74ty5c1hZWVG5cuU86F3O9OvXzyzpANC9e/dsp2+kpKTw7bffUr58\neV555RVj+ZdffgnAnDlzTJIOkJmgqFevHosXL86HHuSeRjyIiIiIiBSwS9cu4hPmA3Z5fODrwDWv\nPD5o3rKysqJBgwZm5VkPfklJScaymJgYAA4cOEBQUJDZPllz+Y8ePUrt2rVzFYeNjQ3jx4/njTfe\nYOTIkXz33Xe52j+nsutr1oO3h4eH2TYXFxcAzp49a7ataNGiNGnSxKzc29sbyDxPWYoUKUJgYCAf\nf/wx33//Pf7+/gAsXLiQmzdv0q9fv9x3Jg/kxfnIj/uiIN9k0rBhw2zLK1WqhI+PDxs3bjSJPTw8\nnKSkJN555x0Mhr/HDsTExFC0aFGWLl1KRkaG2fFSUlK4ePEiSUlJOZ5OlF+UeBARERERySfOzs64\nuqZw7twR/h6FcIRnn7Fl/rDcTQ/IqV5bPuDQHtP2qlVLwdnZOV/aexD//HYWwNo689EkLS3NWJY1\nSmPOnDl3PZaVlRXXrl17oDi6du3KZ599xrJly3jnnXd44YUXHug495LdayWz+nqvbdkttFmmTJls\nH5Czpqb8czHBfv36MX78eEJCQoyJh9mzZ1OsWDGzxR8LSl6cj7y8LypWrEh8fDxnzpzJdmHJ/FCh\nQoW7bgsICGDjxo2EhoYyceJEIPtpFpB5HtLS0ggODr7r8aysrPjrr7+UeBAREREReZz98MNM/PwG\nEh+fuTBdtWqprFwZlm+L+m1cG5ZNezPvs1fhlPUgeujQIerUqXOf2g9mypQpeHl58e6777J9+/Zs\n62R9y3z79m2zbf98w0B+unTpEhkZGWbJh/PnzwPmD+4uLi60a9eOlStXcuzYMRITE/nll1/o2rVr\noUpE5VZe3hdNmzYlPj6ezZs307x58xzv9zD3xL1GV/j5+eHg4MCiRYuYMGECly5dYv369dSvX5+6\ndeua1M06D5cuXcpx3JaiNR5ERERERPJRuXLl2LlzOYcPT+fw4ens3LksX98wUdDt5afGjRsDsG3b\ntnxro2nTpnTo0IGdO3eyYsWKbOtkfVt8+vRps2179uzJt9j+KTU1lZ07d5qVR0dHA2T7FoeBAwcC\nmSMdLLmoZF7Ky/sia8rJ7Nmz7/tq0TvXysive8LW1pbOnTvz3//+l40bN7J48WLS0tLMRjtA5nlI\nTEwkNjb2gdsrKEo8iIiIiIgUAGdn5wL9lrmg28sPvXr1olSpUgQHB/Pzzz+bbU9PTzc+dD+MSZMm\nYW1tzciRI7Pd7unpicFg4JtvvuHGjRvG8sTERN57772Hbj83Ro0aZfIAnJiYyNixY7Gyssp2+oSP\njw81a9YkNDSUZcuWUatWLby8Cvc6IPeTl/dFkyZN6Nu3LwkJCbRu3Zq4uLhsj7dkyRK6d+9uLMvP\neyIgIADIXEQzLCyMokWL0q1bN7N6w4cPB6Bv376cO3fObPu1a9f48ccfHyqWvKKpFiIiIiIikiey\nW+DuQepkKV26NMuXL8fPz49GjRrh4+ODu7s7BoOB06dPExMTQ1JSEtevX3+YsKlRowb9+vVj5syZ\n2cZYoUIFunXrxsKFC6lfvz6+vr5cuXKF9evX4+XlZbKoY36qWLEit27dok6dOrRv356UlBSWL1/O\n+fPnefvtt3nppZey3W/AgAG88847wKM/2gHy/r746quvKFKkCP/7v/9L7dq18fb25tlnn6VYsWL8\n8ccfbNmyhT/++IPXX3/duE9+3hNNmjTBzc2NZcuWkZqaSvv27SlTpoxZvebNmzNx4kRGjRpFjRo1\n8PX1xdXVlb/++ovff/+dbdu20bRpU9atW/fAseQVjXgQEREREZGHZmVldd83A9yrzt22NW/enEOH\nDjFw4EBOnTpFSEgI8+bNIzY2lhYtWvDtt9/mSfxBQUE4ODjcNY45c+bw7rvvcv36dWbOnMn27dsZ\nOnQoixYtylV/7rftXooVK8bmzZt5+eWX+fbbb5k9ezZOTk58+eWXTJ8+/a77BQQEYGVlha2tbbZD\n9nPjQWN/0PNREPeFtbU1M2fOZPfu3fTs2ZPTp08ze/Zspk2bRnR0NA0bNmTp0qVmbz7Jy3vin3r2\n7ElqaipWVlb3vGbvvfce27Zto02bNuzcuZMvvviC77//nnPnztG/f3/Gjh2b4/OQn6yioqJynnJ8\nQpw4cYL+/fuzd+9enn/+eUuHIyIiIiL/sG/fPjw8PAgJCaFmzZoF2rb+VhRLcHV1xWAw8Ntvv+V6\n3+joaJo3b0737t2Nb0gQyQs5/bdYIx5EREREREQeY5MmTQJg0KBBFo5EnlRa40FEREREROQxc/jw\nYdasWcPevXuJiIigXbt2eHp6WjoseUIp8SAiIiIiIlLI5XZdhX379vHhhx/i6OhI586djQtniliC\nEg8iIiIiIiKFXHx8fK7q9+zZ86EXkhTJK1rjQURERERERETyjRIPIiIiIiIiIpJvlHgQERERERER\nkXyjxIOIiIiIiIiI5BslHkREREREREQk3yjxICIiIiIiIiL5RokHEREREREREck3SjyIiIiIiIiI\nSL5R4kFERERERERE8o0SDyIiIiIiUiC8vb0xGPQIInfn6upKtWrVLB2G5DF96kVERETySEJCAgkJ\nCZYOQyTfGQyGXP2EhYUZ97WysrJY3Ddv3mTKlCm88MILODo6UqxYMVxcXGjQoAGDBw9m27ZtJvWD\ngoIwGAxm5XJ/Wecupz9ZyQYrKyuL3iMP6syZM4wcORIPDw+cnJywsbGhfPnytGzZki+//JIrV65Y\nOkSLsrZ0ACIiIiKPugsXLtCxe0dOXT0FgGtJV35Y+APlypWzbGAi+WTMmDEmD4cZGRl8/vnnJCcn\nM2zYMEqVKmVSv379+gUdopm//voLLy8v9u/fT8WKFXn99depUKECf/31FwcOHGD27NkkJyfz73//\n29KhPhaaNWtmNrpl//79rFq1ivr169OxY0eTbVn3zJYtWwosxrwyd+5cBg0aREpKCvXr16dbt244\nOTmRkJDA9u3bGTZsGJ988gkXL160dKgWo8SDiIiIyEPq2L0jMdVjoHzm7+f+PIdfdz92Ru60bGAi\n+WTMmDFmZfPnz+fKlSsMGzaMqlWrWiCqe/v888/Zv38/rVq1Ijw8HGtr00ehy5cvc+zYsWz3zcjI\nKIgQHyteXl54eXmZlC1YsMCYePjoo4+y3e9Rm2bxzTff0K9fP0qXLs3ChQt55ZVXzOrs2rWLQYMG\nWSC6wkNTLUREREQeQkJCQuZIh/J3FJaH+KvxmnYhJgp6Kk5hnvqTlpbG+PHjqVGjBra2tlStWpWR\nI0eSmpqabf1jx44REBBAlSpVsLW1pUKFCnTr1o0TJ07kuM1du3YB8NZbb5klHSDzG/dGjRoZf3d1\ndeXjjz8G/v72PusnS0BAAAaDgfj4eKZPn86zzz6LnZ0dzZo1AyA1NZUZM2bg6+vLU089ha2tLc7O\nzrRs2ZKIiIhs4zx06BD+/v64urpia2tLuXLl8PDwYPjw4dy+fdtY7+rVq3zyySfUqVMHR0dHHBwc\ncHNzo2vXruzbt8/suD/++COdOnWiQoUKFCtWjKpVqzJgwADOnTtnVjdrLY7cXqe8kN0aDwsWLMBg\nMBAaGsrGjRtp2rQpJUuWpFy5cvTu3Zvk5GQgc0RF27ZtcXJyomTJknTo0IHff/8923YSExMZNWoU\ntWvXxs7OjlKlStGiRQs2btyY41ivXr3K4MGDsbKy4ttvv8026QDQpEkTdu/ebfz91KlTGAwGevXq\nlW397NZCiY6OxmAwEBwczE8//USbNm0oXbo0BoOB48ePU6pUKcqXL09aWlq2xxwwYAAGg4H169eb\nlOfFZysnNOJBRERERCQfXbhwgYEdO2Jz6hQAKa6uzPwh/6biFHR7uZWRkYG/vz87duzA19cXBwcH\n1q5dy6RJk7hw4QLz5s0zqR8REcGrr75KWloa7dq1w83NjTNnzrBixQrWrl1LVFQUzz333H3bLVOm\nDADHjx/PUZzDhw/nhx9+YOvWrQQEBODq6nrXukOHDmX79u20bduWtm3bUqRIESAz+TNs2DBefPFF\nWrVqRdmyZfnvf/9LeHg4vr6+zJkzhz59+hiPc+jQIV544QWKFClC+/btqVatGleuXOHkyZPMmjWL\ncePGYW1tTUZGBq1btyYmJoYmTZrQunVrrK2tOX36NFu3buXf//43zz//vPG48+fPp2/fvhQvXpz2\n7dtTpUoVTpw4wdy5cwkPD2f37t1UqVLFrF+5uU556W5rPKxevZo1a9bQrl073nrrLXbu3MmCBQuI\nj49nwoQJ+Pj44OXlRd++fTl06BDh4eH8+uuvHD582OSYv//+O97e3vz+++/8+9//xtfXl7/++os1\na9bQunVrQkJCCAwMvG+cy5cvJykpicaNG9OiRYt71rWxsclxP++1LSYmhgkTJtC0aVMCAwO5dOkS\nDg4OdO3aldmzZ7N+/Xratm1rss+tW7dYunQpFSpUoFWrVsbyvPps5YQSDyIiIiIPwdnZGdeSrpz7\n89zfox7+hGolq+Hs7GzR2KRwGNixI0ExMdT5/9+PnDvHQD8/lu/Mn6k4Bd3eg4iPjyc2NtY4r3/s\n2LHUq1ePsLAwJkyYQPnymR+mpKQk/P39sbe3Z9u2bTzzzDPGY8TGxvLCCy8QGBjI3r1779tmly5d\nWLRoEaNHj+bUqVO0adOG5557jooVK2Zbf+jQoSQlJRkTD/da+2H//v0cOHCAp556yqS8dOnSnD59\nGhcXF5PyK1eu8OKLL/Lee+/RrVs3bG1tAQgNDeXWrVusWrWKdu3ameyTnJxM8eLFAThy5AgxMTH4\n+fnx/fffm8Vz+fJl4/+fOHGC/v378/TTT7N161aT/kZFRdGyZUuGDh3KihUrzI6T0+tUUMLDw9m8\neTNNmzYFMpNYrVq1YtOmTbRp04a5c+fi7+9vrB8YGMi8efMIDw+nffv2xvKePXty5swZvv32Wzp3\n7mwsT05OxtvbmyFDhtC+ffv7Jut27NgBgI+PT1528542bNhASEgIffv2NSkPCAhg9uzZhIaGmiUe\nVq9ezeXLlxkxYoRxJEVefrZyQlMtRERERB7SD33foclCqLjCgYqRFWnyWxNWLlxp6bCkEEhISMDm\n1CljEgCgDmB1Ip4tWxLYt488/dmyJQGrk+bt2cQXrqk/n376qckClHZ2dnTr1o309HSTB52wsDCS\nk5MJDg42eTACcHd3JzAwkP3793P06NH7ttmmTRu++OILihcvzqxZs2jbti2VKlWiYsWKvPnmm2zf\nvv2B+/Pee++ZJR0g81vufyYdABwcHOjVqxdJSUn8/PPPZtuzEhF3cnR0NPsWPLt6gMm5nTVrFrdv\n3+aLL74wS7I0a9aMdu3aER4ezrVr18yOk9PrVFD8/f2NSQfIHBXQvXt3AOrWrWuSdADo0aMHAAcP\nHjSWHTx4kG3btvHaa6+ZJB0g8xwHBQVx8+bNbBM6/5Q1TaVy5coP1qEH8Nxzz5klHQAaNWpEzZo1\nCQ8PJykpyWRbaGgokJlwyZKXn62cKHQjHs6ePcu8efM4cuQIV69epVy5cvj4+NClSxeKFStmrHfk\nyBFCQkKIi4vDzs4Ob29vAgMDjVnALCkpKcyfP59NmzZx9epVnn76afr06YOHh0dBd01EREQeR5cv\nU274cHa+4EPCkiVgMGikg9zXxUuQX1+Set2/ikVZWVnRoEEDs/Ksh7c7H5piYmIAOHDgAEFBQWb7\nZM1DP3r0KLVr175v24MHDyYwMJCNGzcSExPD/v372bVrF9988w3ffPMNo0ePJjg4ONd9atiw4V23\n/fLLL0yePJlt27Zx/vx5bt68abL9v//9r/H/u3btypdffknHjh3p1KkTPj4+vPjii1SvXt1kn3/9\n61/Ur1+fJUuW8Pvvv9OhQwdeeuklGjRoQNGiRU3qZp3D6OhofvzxR7P4Lly4QFpaGsePHzeZnpGb\n61RQsosnK5mS3fNdVtLn7NmzxrKs83H58uVs76msN0/k5IE7a9HRgnz9573utZ49e/Lhhx/y7bff\n8tZbbwHw559/EhkZyfPPP0+dOn+nJPP6s3U/hSrxcOHCBd566y1KliyJn58fDg4OHDlyhAULFnDi\nxAnGjh0LQFxcHCNGjMDV1ZWBAwdy8eJFvvvuO/744w8mTpxocsyJEyeyfft2OnXqROXKlVm/fj0j\nR45k2rRp1K1b1xLdFBERkcfJ4MFw9SrMn49z2bKWjkYKGWdnZ1JcXTly7tzfUx8A22ersXd+fiSo\nnPmglytHDpm2l1KtcE39cXBwMCvLWvDxzsXxskZpzJkz567HsrKyyvbb+rvJWucga+h9amoqc+bM\nYejQoXyBneztAAAgAElEQVTyySf4+fnl+vWfFSpUyLZ89+7dNG/enPT0dHx8fOjYsSMODg4YDAbj\nqyVv3bplrO/p6cn27dsZN24cy5cvZ+HChQDUqlWLMWPG0LVrVwAMBgNbtmzh448/Zvny5bz//vsA\nlCxZkp49ezJhwgRKlCgB/H0OJ0+efNf473YOc3qdCoqjo6NZWVY899p252KYWedj48aNd11IMqf3\nVFZi48yZM/etm1fudq9B5giP0aNHExoaakw8LF68mLS0NJPRDpA/n617KVSJhw0bNnDt2jVmzJhh\nHKrUpk0bMjIy2LBhA3/99Rf29vbMnTsXBwcHPv/8c+MIh/LlyzN16lT27NljzIQdPXqU6OhoBgwY\nYBxG07JlS3r37k1ISAgzZsywTEdFRETk8bB8OSxaBAsXQjYLs4kAzPzhBwb6+WETHw9AarVqhK1c\nSX6t9Ri20by9mSsfzak/WQ+Thw4dMvm2Ni8VLVqUgQMHsnv3bhYtWkRUVFSuEw93+8Z77Nix3Lx5\nk+joaLM1IiZMmMCqVavM9mnUqBHh4eGkpqayZ88eIiIimD59Om+88QZly5Y1ridQqlQppk2bxrRp\n0/j111/ZunWr8Rnn8uXLhIWFAX9P0UhOTsbe3j5X/XocZd1TX3755UO/4rJp06bMnz+fzZs3G9+A\nkhNZ6yzc+ZaSO925Rsc/3Wt0RaVKlWjevDmbNm3ixIkT1KxZk9DQUGxsbHjjjTdM6hbEZ+tOhWqN\nh+vXrwOmc5IA42tCihYtyrVr19i7dy8tW7Y0mVbRqlUrihcvTnR0tLFs69atFClSxGRhFhsbG3x9\nfYmNjTUOoxERERHJtXPnYMAA6NQJunWzdDRSiJUrV47lO3cy/fBhph8+zLKdO/P1DRMF3V5+aty4\nMQDbtm3L97ayeyjPejvFg367HxcXh7Ozc7YLU27duvWe+xYtWpTGjRsTHBzMl19+CWQuEpid6tWr\n07t3b7Zu3UqJEiVM6jVu3JiMjIwCOYePgry8pzp16kTp0qWJiYlh8+bN96ybkpJi/H8nJycg+5ES\nV65ceahXWQYEBACZryA9cOAAhw8f5pVXXjEb8VSQny0oZImHrMzi5MmTiYuL48KFC2zZsoXVq1fz\n6quvUqxYMX777TfS0tKoVauWyb7W1ta4ublx8uRJY1lcXByVK1c2W/cha9+4uLh87pGIiIg8ljIy\nIDAQrK1h1iwowPm98uhydnYu0OkOBd1efujVqxelSpUiODg420UY09PTTb54vJf//d//zXaNA4Bj\nx46xbNkyrKysTBYvzDp/v//+e+6DB6pVq0ZCQgKHDx82Kf/666/ZsGGDWf1du3aZrQEBcP78eSBz\ncUeAU6dO8dtvv5nVS0xM5NatWybPP4MGDaJo0aIMHz7c5FkpS0pKykMtrPmo8fDwoGnTpqxYsYL5\n8+dnW+fw4cM5+pLa3t7emBTq0qVLttcUMqfcNGrUyPh7yZIleeaZZ9ixY4fJWhJpaWm888472d4D\nOfXqq6/i4ODAokWLWLBgAfB3MuJOefnZyolCNdWiYcOG9O7dm8WLF7Nr1y5j+Ztvvknv3r2BzA8T\nZI6C+CcnJyeOHDli/D0hISHbf2yzygrTyr4iIiLyCJk7F9atgzVroEwZS0cjUmhkLbb3sHWylC5d\nmuXLl+Pn50ejRo3w8fHB3d0dg8HA6dOniYmJISkpyThy+l4iIyMZOHAgrq6uvPjii1SuXJlbt25x\n8uRJIiMjSUtLY8iQISYLGDZv3hyDwcCoUaM4fPiw8Zvq//mf/8lR/MOGDSMyMpKXXnqJzp074+Dg\nwJ49e9i5cyedOnVi+fLlJvUnTZpEVFQUTZs2xdXVFXt7e3755RciIiIoXbo0/fr1AzIXBHz11Vfx\n9PSkdu3auLi4cPHiRVatWkVaWppxzQfI/NJ13rx59O7dm3/961+0bt2aGjVqkJqayunTp9m+fTvl\ny5cnNjbWJJbcXKdHzTfffEPz5s3p06cPX375JQ0bNqRUqVKcPXuWQ4cO8csvv7B7927K5mDdnjfe\neIMbN24waNAgWrduTf369WncuDFOTk4kJCQQExPDoUOHzI71n//8hz59+vDiiy/SqVMnbG1tiYqK\nIi0tjXr16pm8iSM3bG1tef311/n666+ZNWsWZcqUoU2bNmb18vKzlROFKvEAmWs11KtXj6ZNm+Lo\n6EhMTAyLFy/GyckJPz8/4+IrNjY2Zvva2NiYLM6SkpJitqrrnfveWVdEREQkR379FYYPh379IJs/\n5kSeVFZWVvdd3f9ede62rXnz5hw6dIgpU6YQGRnJ9u3bKVasGC4uLrRo0YLXXnstR/FNmjSJpk2b\nsmnTJnbv3s25c+e4ffs2FSpUoH379vTq1cvsAe2ZZ54hNDSUKVOmMGvWLG7evImVlZUx8XC/Prdq\n1Yrw8HDGjh3Ld999h7W1NQ0bNiQ6Oppff/3V7JWNb7/9NqVLl+bHH39kx44d3L59mypVqvD2228z\nYsQIqvz/WjKenp6MGjWKrVu3EhkZSVJSEuXKlcPT05MhQ4bQqlUrk+N269aNevXqMXXqVKKiotiw\nYQP29va4uLjQuXNnunTpkqNrkZM+30tO9suuzsO0mZ1KlSqxd+9epk+fzvfff88333xDWloaFStW\nxN3dnaFDh+Zq3YM+ffrQqlUrZsyYwcaNG/nmm2+4du0aTk5O1KlTh88//9z4RXqWXr16kZGRwbRp\n0wgLC6N06dJ06NCBcePG8dprrz1UfwMCAvj666+5ffs2/v7+xkU2/ymvPls5YRUVFVVoUllbtmxh\n8uTJLFy4kDJ3fHvw6aefEh0dzXfffcf+/fsJDg7miy++MHsrRVBQEL/88gvLli0DMi+ms7MzU6ZM\nMal36tQpevfuzTvvvEPbtm3N4jhx4gT9+/dn7969Jq+UERERkSdcWhp4eWWu73DwIGihNovZt28f\nHh4ehISEULNmzQJtW38riohkyum/xYVqxMOqVauoUaOGSdIBoEmTJkRGRhIXF2ecYpE15eJOiYmJ\nJlMrnJ2duXTpklm9rCkW95vzNnz4cLPXsvj7++Pv75+zDomIiMjjZfJkiImBbduUdChAS5YsYcmS\nJSZlycnJFopGRERyq1AlHpKSkrJ9V2zWa0ayFpUsUqQIx44dw8vLy1gnNTWVuLg4mjdvbixzc3Pj\nwIEDXL9+3bgQC2BcwMPNze2e8Xz22WfKYouIiEimgwfho4/gvffgxRctHc0TJbsvfrK+ZRMRkcKv\nUL3VokqVKpw4cYKzZ8+alG/ZsgWDwUD16tUpUaIEHh4ebNq0iRs3bhjrbNiwgZs3b5okI7y8vEhP\nT2fNmjXGspSUFCIiInB3d8/RYiEiIiIi3LoF3btD7doQFGTpaERERB4phWrEQ5cuXfjxxx8ZMmQI\nfn5+lCxZkt27d/PTTz/Rpk0b4zSLPn36MGjQIIYOHUrbtm25dOkSS5cuxdPTE09PT+PxateujZeX\nF3PmzCEpKQkXFxciIyO5cOGCyUqvIiIiIvc0ejQcPw579kCxYpaORkRE5JFSqBIPzz77LDNmzGDB\nggWsWrWKK1euULFiRQIDA+natauxXo0aNZgyZQqzZ89m5syZ2NnZ4evrS9++fc2OOWrUKObNm8fG\njRu5evUq1atXZ/z48WYLU4qIiIhka/t2mDIFPv0U9PeDiIhIrhWqxANkvrJm4sSJ961Xt25dpk+f\nft96NjY2DBgwgAEDBuRFeCIiIvIkuXoVevaEl16Cd96xdDQiIiKPpEKXeBAREREpNIYPh4sXYfNm\nKFLE0tGIiIg8kpR4EBEREclOeDh8/TXMnQvVqlk6GhERkUdWoXqrhYiIiEihcPEiBAZCu3bQu7el\noxEREXmkKfEgIiIicqeMDOjfH9LTYc4csLKydEQiIiKPNE21EBEREbnTwoWwciWsWAHly1s6GhER\nkUeeRjyIiIiIZDl9GgYPznyThZ+fpaMRERF5LCjxICIiIgKZUysCAqBUKfjiC0tHIyIi8thQ4kFE\nREQEMpMNUVGwYAE4Olo6GpHHkre3NwaDHkFywmAw0KxZM0uHIZIn9KkXERERiY2FUaNg+HDQH/oi\n92UwGHL1ExYWZtzXykILtp46dQqDwUC1f7we927lWX766SfKli2LtbU1s2fPNpZn9e1+AgICcnWu\nmjdvbtzXUufqYRw7dozBgwdTp04dHB0dKVasGJUqVaJt27bMmzePW7duWTpEsQAtLikiIiJPtpQU\n6N4dnn4axo2zdDQij4QxY8aYPBRnZGTw+eefk5yczLBhwyhVqpRJ/fr16xd0iHd1t4f57MojIiLo\n1KkT6enpLF++nI4dO+boWHfy8/Pj6aefNimLiopi69ateHt74+3tbbLN1dUVyHyAt7Ozu+/xC5OP\nP/6Y4OBgMjIyaNy4MS1atMDe3p7z588THR1NYGAgs2bN4ueff7Z0qFLAlHgQERGRJ9snn8ChQ/Dj\nj1C8uKWjEXkkjBkzxqxs/vz5XLlyhWHDhlG1alULRJW3Fi1aRO/evbG3t2f16tW89NJLD3ScDh06\n0KFDB5Oy9PR0Y+Lho48+yna/mjVrPlB7ljJ+/HiCgoKoWrUqy5Ytw9PT06zO2rVrmTZtmgWiE0vT\nVAsRERF5cu3eDePHw5gx8Pzzlo5GHnMJCQkkJCQ8tu3lRlpaGuPHj6dGjRrY2tpStWpVRo4cSWpq\narb1jx07RkBAAFWqVMHW1pYKFSrQrVs3Tpw4kS/xTZ06lR49elC+fHm2b9/+wEmHh5HdGg9BQUEY\nDAa2bt3KkiVL8PDwoESJElSqVIkRI0aQkpICwJYtW/D29sbR0ZHSpUvTo0cPEhMTs23n7NmzDBo0\niKeffhpbW1vKlClDhw4d2LNnT45jPXXqFEFBQdjY2LBu3bpskw4Abdq0Yf369cbfo6OjMRgMBAcH\nZ1vf1dXVbArMggULMBgMhIaGEhERYeynwWDgv//9L0WKFMHDw+OusbZu3RqDwUBsbKxJ+Y8//kin\nTp2oUKECxYoVo2rVqgwYMIBz587l9DTIPWjEg4iIiDyZrl2DHj3A0xNGjrR0NPIYu3DhAh27d+TU\n1VMAuJZ05YeFP1CuXLnHor3cysjIwN/fnx07duDr64uDgwNr165l0qRJXLhwgXnz5pnUj4iI4NVX\nXyUtLY127drh5ubGmTNnWLFiBWvXriUqKornnnsuz+J79913mTZtGs888wyRkZFUqVIlz46dW3eb\nyjF9+nTWr1+Pn58fzZs3JzIyks8++4zExETat2+Pv78/bdu2pX///uzcuZNFixZx6dIl1q1bZ3Kc\nffv28fLLL5OUlETr1q3p1KkTFy9e5IcffuCll15i5cqVvPLKK/eNc/78+dy+fRt/f3/c3d3vWdfG\nxibH/bzXtuXLlxMREYGvry8DBw7k1KlTuLi40LJlSzZs2MCRI0eoU6eOyT7nzp1j06ZNNGjQwCTO\n+fPn07dvX4oXL0779u2pUqUKJ06cYO7cuYSHh7N7926L3gePAyUeRERE5Mn03ntw9iysWQPW+pNI\n8k/H7h2JqR4D5TN/P/fnOfy6+7Ezcudj0d6DiI+PJzY21rgWxNixY6lXrx5hYWFMmDCB8uUzg09K\nSsLf3x97e3u2bdvGM888YzxGbGwsL7zwAoGBgezdu/ehY0pNTaV79+4sXryYRo0asXbtWpycnB76\nuPlh8+bN7Nu3j1q1agEwbtw4nn/+eRYuXEh4eDgbN26kadOmQGaip1WrVkRERHDw4EHq1asHwO3b\nt+ncuTPXr18nOjraWB8yp014enrSp08fTp06lW2y4E47duwAwMfHJz+6m63169ezbt06Xn75ZZPy\ngIAANmzYQGhoKJMnTzbZtmjRItLT0+nZs6ex7MSJE/Tv35+nn36arVu3UrFiReO2qKgoWrZsydCh\nQ1mxYkX+dugxp6kWIiIi8uSJjISZM2HKFHjE5lHLoyUhISFz5EH5OwrLQ3ziCRK2bIF9+/L0J2HL\nFk4lnjRv72p8oZp28emnn5osQGlnZ0e3bt1IT083SSKEhYWRnJxMcHCwSdIBwN3dncDAQPbv38/R\no0cfOqY//viDxYsX4+zsTGRkZKFNOgAMGTLEmHSAzFEEXbp0IT09nbZt25okEaysrHjzzTcBOHTo\nkLF87dq1/PbbbwwePNikPkDFihX5z3/+w/nz59m8efN948majlC5cuWH6ldudOjQwSzpANCxY0cc\nHR1ZvHgx6enpJttCQ0OxsbHB39/fWDZr1ixu377NF198YZJ0AGjWrBnt2rUjPDyca9eu5U9HnhBK\n74uIiMiTJTEReveGVq3grbcsHY08qS5egvz6dvip/DlsXrGysqJBgwZm5VkPrUlJScaymJgYAA4c\nOEBQUJDZPllrPBw9epTatWs/VFxly5alSpUq7Nu3j+7du7N06dL7ftNvKdmdv6yH5uzWN3BxcQEy\n13PIknVus9Zn+KeTJ08Cmef2ftMtMjIygIJ9/WfDhg2zLbe1taVz587MmTOHyMhIY+x79+4lNjaW\nV199ldKlSxvrZ52H6OhofvzxR7PjXbhwgbS0NI4fP87zWgvogSnxICIiIk+Wt9+GGzfg66+hAP9I\nlieTs7MzriVdOffnub9HIfwJ1So/i/OK+XnfHuA6pBfn/jxk2l7Jajg7O+d5ew/KwcHBrMz6/6c8\npaWlGcuyRmnMmTPnrseysrLKk2+jS5QowZYtW2jdujWrV6+mffv2/PDDD9ja2j70sfOao6OjWVnW\n+bvXtjsX78w6t8uWLbtrOzk9ty4uLhw/fpwzZ87ct25eqVChwl23BQQEMGfOHEJDQ42Jh9DQUACT\naRbw93n457SMO+XVPfYkU+JBREREnhzffpv5s2QJVKpk6WjkCfHDwh/w6+5H/IF4AKo5VGPlipWQ\nT4s9/rBio3l7C1fmS1v5Lesh+tChQ2YLBeYHBwcHNm7cSJs2bdiwYQO+vr6Eh4dTokSJfG+7oGWd\n29WrV9O2bduHOlbTpk2Jiopi8+bN9O7dO8f7GQyZM/9v376d7fbk5OS7Tnm51+iKxo0bU6NGDVat\nWsWVK1coXrw4S5YsoWzZsvj6+prUdXR0xMrKiuTkZOzt7XMcu+SO1ngQERGRJ8Mff8DAgdC1a+aP\nSAEpV64cOyN3cjj8MIfDD7MzYme+vmGioNvLT40bNwZg27ZtBdZmiRIliIiI4OWXXyY6OpqXX36Z\nK1euFFj7BSUvz22vXr0oWrQo33///X3X28h65SdgTCqcPn3arF5cXBzJyckPHFPPnj25desW3377\nLWvXriUhIYE33niDIkWKmNRr3LgxGRkZBXqPPYmUeBAREZHHX0YG9OkDxYvDV19ZOhp5Qjk7Oxfo\ndIeCbi8/9OrVi1KlShEcHMzPP/9stj09PZ3o6Og8b9fW1pbVq1fTrl07YmJi8PHxMVl74nHQoUMH\nqlevzldffcX69euzrRMTE8ONGzfue6ynnnqKoKAgUlJSaNOmzV3fMhIREWGyXkTt2rVxcHBg1apV\nXLx40Vh+48YNhgwZkssemerRowcGg4GwsDDCwsKAzCkY/zRo0CCKFi3K8OHDjeta3CklJYXt27c/\nVCyiqRYiIiLyJJg1K/NNFhERcMeiYiKSt7IWGXzYOllKly7N8uXL8fPzo1GjRvj4+ODu7o7BYOD0\n6dPExMSQlJTE9evXHybsbNnY2PD999/TrVs3li1bhre3N5s2baJs2bJ53pYlWFtbs2LFClq1akWb\nNm1o0qQJ9erVw87OjjNnzvDzzz8THx/P+fPnKV68+H2PN2rUKG7fvk1wcDCenp40adIEDw8P7O3t\n+fPPP9m2bRtxcXF4enqaxDB06FA++eQTnnvuOTp27Mjt27fZtGkTlSpVwsXFJVf3y50qV65Ms2bN\n2Lx5M9bW1jz77LPGV4neqVatWsybN4/evXvzr3/9i9atW1OjRg1SU1M5ffo027dvp3z58sTGxj5Q\nHJJJiQcRERF5vJ08Ce++mznNolUrS0cj8tiysrK671sN7lXnbtuaN2/OoUOHmDJlCpGRkWzfvp1i\nxYrh4uJCixYteO211/Ik/uxYW1uzZMkSihcvTlhYGN7e3mzevNmYfChatOgDHTcn5yq3+z3IMevW\nrcvBgweZNm0aa9asYcGCBRgMBlxcXPDw8OCTTz7J1aiZ0aNH8/rrrzNz5kyioqJYsGABN2/epEyZ\nMtSvX59Ro0YZX+2ZJTg4GDs7O+bMmcOcOXOoWLEiXbt2ZcyYMbi7u5v1KTf9DAgIYPPmzaSlpZkt\nKnmnbt26Ua9ePaZOnUpUVBQbNmzA3t4eFxcXOnfuTJcuXXJ8DiR7VlFRUQ+WQnqMnThxgv79+7N3\n7169MkVERORRdvs2vPRS5is09++Hx3CBuCfVvn378PDwICQkhJo1axZo2/pbUc6dO0elSpWoXLly\ntusTiDwpcvpvsUY8iIiIyONr4kT4+WfYuVNJBxHJMytXZr4lJGuBRhG5NyUeRERE5PG0bx8EB8MH\nH0CjRpaORkQeAx999BEnTpxg2bJlFC1alBEjRlg6JJFHghIPIiIi8vi5eRO6d4e6dWH0aEtHIyKP\nibFjx+Lg4ECzZs0YPXo0DRs2tHRIIo8EJR5ERETk8fPBB/Drr5mjHmxsLB2NiDwm0tPTLR2CyCNJ\niQcRERF5vERFwWefwbRp4O5u6WhERESeeAZLByAiIiKSZ5KTISAAvL1h6FBLRyMiIiIo8SAiIiKP\nk6FD4fJlWLAADPozR0REpDDQVAsRERF5PKxcCaGhmUmHp56ydDQiIiLy//RVgIiIiDz6/vwT+vUD\nPz/o0cPS0YiIiMgdlHgQERGRR1tGBvTtmzm1IiQErKwsHZGIiIjcQVMtRERE5NE2bx6Eh8Pq1VC2\nrKWjkSfI0aNHLR2CiIhF5fTfQSUeRERE5NEVHw/DhkGfPtCunaWjkSfMm2++aekQREQeCUo8iIiI\nyKMpLQ169oQyZWDaNEtHI0+QqlWrEhISYukwREQKjapVq95zuxIPIiIi8miaNg127ICtW8HBwdLR\nyBPE1taWmjVrWjoMEZFHhhaXFBERkUfP4cPwP/8D774LTZtaOhoRERG5ByUeRERE5NFy6xZ07w41\na8LHH1s6GhEREbkPTbUQERGRR0tQEMTGws8/g62tpaMRERGR+yh0iYeJEyeyYcOGu25ftmwZzs7O\nABw5coSQkBDi4uKws7PD29ubwMBAihcvbrJPSkoK8+fPZ9OmTVy9epWnn36aPn364OHhka99ERER\nkTy2cydMmgTjxkG9epaORkRERHKg0CUe2rdvT4MGDUzKMjIymDZtGhUrVjQmHeLi4hgxYgSurq4M\nHDiQixcv8t133/HHH38wceJEk/0nTpzI9u3b6dSpE5UrV2b9+vWMHDmSadOmUbdu3QLrm4iIiDyE\nv/6CHj2gUSP4z38sHY2IiIjkUKFLPLi7u+Pu7m5SdvjwYW7dukWLFi2MZXPnzsXBwYHPP//cOMKh\nfPnyTJ06lT179hiTF0ePHiU6OpoBAwbQuXNnAFq2bEnv3r0JCQlhxowZBdQzEREReSgjRsCff8KG\nDVCkiKWjERERkRx6JBaX3LRpE1ZWVvj4+ABw7do19u7dS8uWLU2mVbRq1YrixYsTHR1tLNu6dStF\nihShXbt2xjIbGxt8fX2JjY3l4sWLBdYPEREReUDr1sHs2Zmv0Kxe3dLRiIiISC4U+sTD7du32bp1\nK3Xq1KF8+fIA/Pbbb6SlpVGrVi2TutbW1ri5uXHy5EljWVxcHJUrVzZb9yFr37i4uHzugYiIiDyU\nS5egTx/w9YW+fS0djYiIiORSoU88/Pzzz1y5csU42gEgMTERgNKlS5vVd3JyIiEhwfh7QkKCcV2I\nO2WV3VlXRERECpmMDHjrLUhNhblzwcrK0hGJiIhILhW6NR7+adOmTVhbW+Pt7W0su3XrFpA5ZeKf\nbGxsjNsh840WRYsWzbbenccSERGRQmjxYli+HJYtg4oVLR2NiIiIPIBCnXi4ceMGu3btwtPTEwcH\nB2N5sWLFgMykwj+lpKRge8c7vW1sbEhNTc223p3Hys7w4cNxdHQ0KfP398ff3z93HREREZHcO3MG\nBg2CN9+ETp0sHY1Y0JIlS1iyZIlJWXJysoWiERGR3CrUiYcdO3aYvc0C/p5ikTXl4k6JiYkmUyuc\nnZ25dOmSWb2sKRbZTcPI8tlnn/H8888/UOwiIiLyENLToVcvKFkSpk+3dDRiYdl98bNv3z48PDws\nFJGIiORGoV7jYdOmTdjZ2fHiiy+alFerVo0iRYpw7Ngxk/LU1FTi4uJwc3Mzlrm5uXH27FmuX79u\nUvfo0aPG7SIiIlLIzJgBmzfDggVQqpSloxEREZGHUGgTD5cvX2bv3r289NJLZms52Nvb4+HhwaZN\nm7hx44axfMOGDdy8eRMvLy9jmZeXF+np6axZs8ZYlpKSQkREBO7u7pQtWzb/OyMiIiI5d+wYvP8+\nDBkCdywuLSIiIo+mQjvVIioqivT0dLNpFln69OnDoEGDGDp0KG3btuXSpUssXboUT09PPD09jfVq\n166Nl5cXc+bMISkpCRcXFyIjI7lw4QLvv/9+QXVHREREciI1Fbp3h6eeggkTLB2NiIiI5IFCm3jY\nvHkzTk5Od527V6NGDaZMmcLs2bOZOXMmdnZ2+Pr60jeb93uPGjWKefPmsXHjRq5evUr16tUZP348\ndevWze9uiIiISG6MGwf790NMDNjZWToaERERyQOFNvEwY8aM+9apW7cu03Ow4JSNjQ0DBgxgwIAB\neRGaiIiI5Ieff4axY2H0aLhj9KKIiIg82grtGg8iIiLyBLl+PXOKxXPPwQcfWDoaERERyUOFdsSD\niIiIPEFGjoTff8+cZlG0qKWjERERkTykxIOIiIhY1qZNMH06fPklPPOMpaMRERGRPKapFiIiImI5\nlyBJs84AACAASURBVC9Dr17QogW8/baloxEREZF8oMSDiIiIWM6gQXD1KsybBwb9WSIiIvI40lQL\nERERsYxly2DxYli0CKpUsXQ0IiIikk/01YKIiIgUvHPnYMAAeP11eOMNS0cjIiIi+UiJBxERESlY\nGRnQpw/Y2MCsWWBlZemIREREJB9pqoWIiIgUrNmzYf16WLcOnJ0tHY2IiIjkM414EBERkYITFwfv\nvAP9+8Mrr1g6GhERESkASjyIiIhIwUhLg549oWJFmDLF0tGIiIhIAdFUCxERESkYkybB7t2wfTvY\n21s6GhERESkgGvEgIiIi+e/AARgzBt5/H5o0sXQ0IiIiUoCUeBAREZH8dfMmdO8O7u4QFGTpaERE\nRKSAaaqFiIiI5K/Ro+HECdi7N/MVmiIiIvJEUeJBRERE8s+2bTB1aub6DnXqWDoaERERsQBNtRAR\nEZH8ceVK5lssXnoJhg+3dDQiIiJiIRrxICIiIvlj+HC4dAm2/B979x6nY53/cfw1hsHkLCoplJDS\ngVQqh5Rs6KiTikJko6SjUrvVtla2opNCkWpDbAdZhDQq6USKYjObCJVhHMZpxoz5/XH97jsT1Rgz\nc90z83o+HvtYc93XfV3ve/9Y431/P99rDsTHh51GkiSFxOJBkiTlv7fegjFj4IUXoF69sNNIkqQQ\nOWohSZLy17p10KsXXHghdO8edhpJkhQyiwdJkpR/srPhxhuDP48aBXFx4eaRJEmhc9RCkiTln3Hj\n4M034Y034JBDwk4jSZJigCseJElS/li5Em65Ba6/Hi6+OOw0kiQpRlg8SJKkA7d7d1A4VK0Kw4eH\nnUaSJMUQRy0kSdKBGz4c5s4NHp1ZuXLYaSRJUgxxxYMkSTowX38N994LAwZAmzZhp5EkSTHG4kGS\nJOVdRgZ07QpHHw1//3vYaSRJUgxy1EKSJOXdQw/B4sXw6adQrlzYaSRJUgyyeJAkSXnz8cfwj38E\n5cPJJ4edRpIkxShHLSRJ0v7bti0YsTj1VLj77rDTSJKkGOaKB0mStP/uvBPWroVp06C0v05IkqTf\n5m8KkiRp/8yYAc8+CyNGwDHHhJ1GkiTFOEctJElS7qWmQo8e0L499OkTdhpJklQEWDxIkqTcu+km\n2LkTxoyBuLiw00iSpCLAUQtJkpQ748fDxIkwYQLUqhV2GkmSVES44kGSJP2xNWuC1Q5dusCVV4ad\nRpIkFSEWD5Ik6fdlZwf7OiQ